[world]
0,1,0,0,1,1,1,1,1,1,1,1,1,1,1,1,1,1,1,1
0,0,0,1,0,1,1,1,0,1,0,1,0,0,0,0,1,0,1,0
1,1,0,1,0,1,1,1,0,1,0,1,0,1,1,0,1,0,1,0
1,1,0,1,0,0,0,0,0,1,0,0,0,1,0,0,0,0,1,0
1,1,0,0,0,1,1,1,0,1,1,1,0,1,1,1,1,0,1,0
1,1,1,1,1,1,0,0,0,0,0,0,0,1,0,1,1,0,1,0
1,1,0,0,0,1,0,1,1,1,1,1,0,1,0,0,0,0,1,0
1,1,0,1,0,1,0,1,0,0,0,1,0,1,1,1,1,0,1,0
1,1,0,1,0,1,0,1,1,1,0,1,0,1,0,0,1,0,1,0
1,1,0,1,0,0,0,0,0,1,0,1,0,0,0,1,1,0,1,0
1,1,0,1,1,1,1,1,0,1,0,1,1,1,1,1,0,0,1,0
1,1,0,0,0,0,0,1,0,1,0,0,0,0,0,1,1,0,1,0
1,1,1,1,1,1,0,1,0,1,1,1,1,1,0,1,0,0,1,0
1,0,0,0,0,0,0,1,0,0,0,0,0,0,0,1,0,1,1,0
1,0,1,1,1,1,1,1,1,1,1,1,1,1,0,1,0,0,0,0
1,0,1,0,0,0,0,0,0,0,0,0,0,0,0,1,0,1,1,1
1,0,1,0,1,1,P,1,1,1,1,1,1,1,0,1,0,0,0,1
1,0,1,0,1,0,0,0,0,0,0,0,0,0,0,1,0,1,0,1
1,0,0,0,1,0,1,1,1,1,1,1,1,1,0,0,0,1,0,1
1,1,1,1,1,0,1,0,0,0,0,0,0,1,1,1,1,1,1,1

[OtherParameters]
skyR 135
skyG 206
skyB 235
floorR 118
floorG 94
floorB 54
wallHeight 18.0f
distanceFallOff 0.28f
texture wood.bmp