[world]
0,1,0,0,1,1,1,1,1,1,1,1,1,1,1,1,1,1,1,1
0,0,0,1,0,1,1,1,0,1,0,1,0,0,0,0,1,0,1,0
1,1,0,1,0,1,1,1,0,1,0,1,0,1,1,0,1,0,1,0
1,1,0,1,0,0,0,0,0,1,0,0,0,1,0,0,0,0,1,0
1,1,0,0,0,1,1,1,0,1,1,1,0,1,1,1,1,0,1,0
1,1,1,1,1,1,0,0,0,0,0,0,0,1,0,1,1,0,1,0
1,1,0,0,0,1,0,1,1,1,1,1,0,1,0,0,0,0,1,0
1,1,0,1,0,1,0,1,0,0,0,1,0,1,1,1,1,0,1,0
1,1,0,1,0,1,0,1,1,1,0,1,0,1,0,0,1,0,1,0
1,1,0,1,0,0,0,0,0,1,0,1,0,0,0,1,1,0,1,0
1,1,0,1,1,1,1,1,0,1,0,1,1,1,1,1,0,0,1,0
1,1,0,0,0,0,0,1,0,1,0,0,0,0,0,1,1,0,1,0
1,1,1,1,1,1,0,1,0,1,1,1,1,1,0,1,0,0,1,0
1,0,0,0,0,0,0,1,0,0,0,0,0,0,0,1,0,1,1,0
1,0,1,1,1,1,1,1,1,1,1,1,1,1,0,1,0,0,0,0
1,0,1,0,0,0,0,0,0,0,0,0,0,0,0,1,0,1,1,1
1,0,1,0,1,1,P,1,1,1,1,1,1,1,0,1,0,0,0,1
1,0,1,0,1,0,0,0,0,0,0,0,0,0,0,1,0,1,0,1
1,0,0,0,1,0,1,1,1,1,1,1,1,1,0,0,0,1,0,1
1,1,1,1,1,0,1,0,0,0,0,0,0,1,1,1,1,1,1,1

[OtherParameters]
skyR 20
skyG 20
skyB 20
floorR 68
floorG 49
floorB 4
wallHeight 18.0f
distanceFallOff 0.89f
texture textures/wood.bmp